0 12 280
1 12 280
2 12 280
3 12 280
4 12 280
5 12 280
6 13 280
7 14 280
8 16 280
9 18 280
10 21 280
11 25 281
12 25 281
13 28 281
14 32 281
15 35 281
16 36 281
17 39 281
18 41 281
19 42 281
20 43 281
21 44 281
22 48 281
23 51 282
24 52 282
25 54 282
26 55 282
27 56 282
28 57 283
29 58 283
30 59 283
31 61 283
32 62 283
33 63 283
34 63 283
35 63 283
36 63 283
37 64 283
38 64 283
39 64 283
40 64 283
41 64 283
42 64 283
43 64 283
44 64 283
45 64 283
46 64 283
47 64 283
48 64 283
49 64 283
50 64 283
51 64 283
52 64 283
53 64 283
54 64 283
55 64 283
56 64 283
57 64 283
58 64 283
59 64 283
60 64 283
61 64 283
62 64 283
63 64 283
64 64 283
65 64 283
66 64 283
67 64 283
68 64 283
69 64 283
70 64 283
71 64 283
72 64 283
73 64 283
74 64 283
75 64 283
